0.000000000000000000e+00 6.372922022993112478e+04
1.000000000000000056e-01 6.372403453880580491e+04
2.000000000000000111e-01 6.371798007612644142e+04
3.000000000000000444e-01 6.371095823679940077e+04
4.000000000000000222e-01 6.370287431316429138e+04
5.000000000000000000e-01 6.369364352743343625e+04
6.000000000000000888e-01 6.368319868129683891e+04
7.000000000000000666e-01 6.367149899681474199e+04
8.000000000000000444e-01 6.365853891547206149e+04
9.000000000000000222e-01 6.364435468838115776e+04
1.000000000000000000e+00 6.362902598321968253e+04
1.100000000000000089e+00 6.361267002192778455e+04
1.200000000000000178e+00 6.359542731899295177e+04
1.300000000000000044e+00 6.357744076098035293e+04
1.400000000000000133e+00 6.355883275506438804e+04
1.500000000000000000e+00 6.353968724356566963e+04
1.600000000000000089e+00 6.352004336405529466e+04
1.700000000000000178e+00 6.349990490732058242e+04
1.800000000000000044e+00 6.347926498891487427e+04
1.900000000000000133e+00 6.345813998936914140e+04
2.000000000000000000e+00 6.343660281595349079e+04
2.100000000000000089e+00 6.341480461155901139e+04
2.200000000000000178e+00 6.339297689579839061e+04
2.300000000000000266e+00 6.337141207485349150e+04
2.400000000000000355e+00 6.335042733626849076e+04
2.500000000000000000e+00 6.333032260542653967e+04
2.600000000000000089e+00 6.331134534696710034e+04
2.700000000000000178e+00 6.329367271291647921e+04
2.800000000000000266e+00 6.327741570128199237e+04
2.900000000000000355e+00 6.326264275036007166e+04
3.000000000000000000e+00 6.324941415381600382e+04
3.100000000000000089e+00 6.323781586775566393e+04
3.200000000000000178e+00 6.322798243200319121e+04
3.300000000000000266e+00 6.322010312024760788e+04
3.400000000000000355e+00 6.321441126770255505e+04
3.500000000000000000e+00 6.321116187412856380e+04
3.600000000000000089e+00 6.321060539886399056e+04
3.700000000000000178e+00 6.321296553836896055e+04
3.800000000000000266e+00 6.321842621583666187e+04
3.900000000000000355e+00 6.322712929099248868e+04
4.000000000000000000e+00 6.323918104672393383e+04
4.100000000000000533e+00 6.325466335617311415e+04
4.200000000000000178e+00 6.327364492755905667e+04
4.299999999999999822e+00 6.329618889058477362e+04
4.400000000000000355e+00 6.332235461628137273e+04
4.500000000000000000e+00 6.335219342442552443e+04
4.600000000000000533e+00 6.338573929741191387e+04
4.700000000000000178e+00 6.342299670316711126e+04
4.800000000000000711e+00 6.346392813344854221e+04
4.900000000000000355e+00 6.350844406087024254e+04
5.000000000000000000e+00 6.355639774850851973e+04
5.100000000000000533e+00 6.360758666961039125e+04
5.200000000000000178e+00 6.366176114495392540e+04
5.300000000000000711e+00 6.371863923793155118e+04
5.400000000000000355e+00 6.377792528094648151e+04
5.500000000000000000e+00 6.383932819696154911e+04
5.600000000000000533e+00 6.390257557444258418e+04
5.700000000000000178e+00 6.396742046661862696e+04
5.800000000000000711e+00 6.403363983565923263e+04
5.900000000000000355e+00 6.410102579632472771e+04
6.000000000000000000e+00 6.416937261246818525e+04
6.100000000000000533e+00 6.423846325200868159e+04
6.200000000000000178e+00 6.430805903698508337e+04
6.300000000000000711e+00 6.437789470674327458e+04
6.400000000000000355e+00 6.444767950162393390e+04
6.500000000000000000e+00 6.451710326920730586e+04
6.600000000000000533e+00 6.458584559571773570e+04
6.700000000000000178e+00 6.465358575363103591e+04
6.800000000000000711e+00 6.472001165724958992e+04
6.900000000000000355e+00 6.478482668254637247e+04
7.000000000000000000e+00 6.484775386236471240e+04
7.100000000000000533e+00 6.490853751754891709e+04
7.200000000000000178e+00 6.496694283102155896e+04
7.300000000000000711e+00 6.502275419752694870e+04
7.400000000000000355e+00 6.507577333191846265e+04
7.500000000000000000e+00 6.512581806498800142e+04
7.600000000000000533e+00 6.517272252740239492e+04
7.700000000000000178e+00 6.521633906834051595e+04
7.800000000000000711e+00 6.525654181021778641e+04
7.900000000000000355e+00 6.529323125766862358e+04
8.000000000000000000e+00 6.532633898343262263e+04
8.099999999999999645e+00 6.535583127952725772e+04
8.200000000000001066e+00 6.538171089590284100e+04
8.300000000000000711e+00 6.540401652857984300e+04
8.400000000000000355e+00 6.542282034725871927e+04
8.500000000000000000e+00 6.543822431573883659e+04
8.599999999999999645e+00 6.545035619759347173e+04
8.700000000000001066e+00 6.545936593965911015e+04
8.800000000000000711e+00 6.546542269028932787e+04
8.900000000000000355e+00 6.546871220503871155e+04
9.000000000000000000e+00 6.546943400462383579e+04
9.099999999999999645e+00 6.546779754082164436e+04
9.200000000000001066e+00 6.546401688208423002e+04
9.300000000000000711e+00 6.545830400859521615e+04
9.400000000000000355e+00 6.545086151474987128e+04
9.500000000000000000e+00 6.544187607072464743e+04
9.600000000000001421e+00 6.543151413577591302e+04
9.700000000000001066e+00 6.541992103870042047e+04
9.800000000000000711e+00 6.540722374987315561e+04
9.900000000000000355e+00 6.539353673371184414e+04
1.000000000000000000e+01 6.537896950843772356e+04
1.010000000000000142e+01 6.536363419593665458e+04
1.020000000000000107e+01 6.534765150829128106e+04
1.030000000000000071e+01 6.533115420171690494e+04
1.040000000000000036e+01 6.531428780268577975e+04
1.050000000000000000e+01 6.529720908860603231e+04
1.060000000000000142e+01 6.528008316170771286e+04
1.070000000000000107e+01 6.526307992070906766e+04
1.080000000000000071e+01 6.524637041221157415e+04
1.090000000000000036e+01 6.523012313422483567e+04
1.100000000000000000e+01 6.521450006655733159e+04
1.110000000000000142e+01 6.519965214432228095e+04
1.120000000000000107e+01 6.518571410831270623e+04
1.130000000000000071e+01 6.517279910443362314e+04
1.140000000000000036e+01 6.516099391123084933e+04
1.150000000000000000e+01 6.515035601555497124e+04
1.160000000000000142e+01 6.514091369123322511e+04
1.170000000000000107e+01 6.513266964337623358e+04
1.180000000000000071e+01 6.512560776404407807e+04
1.190000000000000036e+01 6.511970143450018804e+04
1.200000000000000000e+01 6.511492105134862504e+04
1.210000000000000142e+01 6.511123842613960733e+04
1.220000000000000107e+01 6.510862654779077275e+04
1.230000000000000071e+01 6.510705471260404011e+04
1.240000000000000036e+01 6.510648073002132878e+04
1.250000000000000000e+01 6.510684317381303117e+04
1.260000000000000142e+01 6.510805692859834380e+04
1.270000000000000107e+01 6.511001436164029292e+04
1.280000000000000071e+01 6.511259256360062136e+04
1.290000000000000036e+01 6.511566489583653311e+04
1.300000000000000000e+01 6.511911339390811190e+04
1.310000000000000142e+01 6.512283810877772339e+04
1.320000000000000107e+01 6.512676048288398306e+04
1.330000000000000071e+01 6.513082004628794675e+04
1.340000000000000036e+01 6.513496628373480780e+04
1.350000000000000000e+01 6.513914947989413486e+04
1.360000000000000142e+01 6.514331489364933077e+04
1.370000000000000107e+01 6.514740344140362140e+04
1.380000000000000071e+01 6.515135952892834030e+04
1.390000000000000036e+01 6.515514366392086959e+04
1.400000000000000000e+01 6.515874515963676822e+04
1.410000000000000142e+01 6.516218957451482856e+04
1.420000000000000107e+01 6.516553691452439671e+04
1.430000000000000071e+01 6.516886966630818642e+04
1.440000000000000036e+01 6.517227336558216484e+04
1.450000000000000000e+01 6.517581527862266375e+04
1.460000000000000142e+01 6.517952775684693916e+04
1.470000000000000107e+01 6.518340147275507479e+04
1.480000000000000071e+01 6.518739050001389114e+04
1.490000000000000036e+01 6.519142723327348358e+04
1.500000000000000000e+01 6.519544191094306007e+04
1.510000000000000142e+01 6.519938018143230875e+04
1.520000000000000107e+01 6.520321317949690274e+04
1.530000000000000071e+01 6.520693750226186967e+04
1.540000000000000036e+01 6.521056615095281450e+04
1.550000000000000000e+01 6.521411456088431441e+04
1.560000000000000142e+01 6.521758720147510030e+04
1.570000000000000107e+01 6.522096949476232112e+04
1.580000000000000071e+01 6.522422737361267355e+04
1.590000000000000036e+01 6.522731368568585458e+04
1.600000000000000000e+01 6.523017805978823890e+04
1.610000000000000142e+01 6.523277574924577493e+04
1.619999999999999929e+01 6.523507171320365160e+04
1.630000000000000071e+01 6.523703843790423707e+04
1.640000000000000213e+01 6.523864882380998461e+04
1.650000000000000000e+01 6.523986775615374063e+04
1.660000000000000142e+01 6.524064683749659162e+04
1.669999999999999929e+01 6.524092583830493822e+04
1.680000000000000071e+01 6.524064203537448338e+04
1.690000000000000213e+01 6.523974563249584753e+04
1.700000000000000000e+01 6.523821699767586688e+04
1.710000000000000142e+01 6.523608042513801774e+04
1.719999999999999929e+01 6.523340991913061589e+04
1.730000000000000071e+01 6.523032479962370417e+04
1.740000000000000213e+01 6.522697589531580888e+04
1.750000000000000000e+01 6.522352566694879351e+04
1.760000000000000142e+01 6.522012696767594753e+04
1.769999999999999929e+01 6.521690499712191377e+04
1.780000000000000071e+01 6.521394562010085792e+04
1.790000000000000213e+01 6.521129125706397463e+04
1.800000000000000000e+01 6.520894372167719848e+04
1.810000000000000142e+01 6.520687216466647806e+04
1.819999999999999929e+01 6.520502382206246693e+04
1.830000000000000071e+01 6.520333541605088249e+04
1.840000000000000213e+01 6.520174354670340836e+04
1.850000000000000000e+01 6.520019299633153423e+04
1.860000000000000142e+01 6.519864239978470869e+04
1.869999999999999929e+01 6.519706716412724199e+04
1.880000000000000071e+01 6.519545984759085695e+04
1.890000000000000213e+01 6.519382843421267899e+04
1.900000000000000000e+01 6.519219306766512454e+04
1.910000000000000142e+01 6.519058184707596956e+04
1.920000000000000284e+01 6.518902627072017640e+04
1.930000000000000071e+01 6.518755687585441046e+04
1.940000000000000213e+01 6.518619957351029734e+04
1.950000000000000000e+01 6.518497308655807865e+04
1.960000000000000142e+01 6.518388773024348484e+04
1.970000000000000284e+01 6.518294553044383065e+04
1.980000000000000071e+01 6.518214142109956447e+04
1.990000000000000213e+01 6.518146508965434623e+04
